0 21.0455 3.75371e+06 1218917
1 44.7841 1.20354e+08 349648
2 44.7841 5.40659e+07 392019
3 44.7841 3.08513e+07 398609
4 44.7841 2.03144e+07 388039
5 44.7841 1.45541e+07 393229
6 44.7841 1.11682e+07 420709
7 44.7841 8.94357e+06 403699
8 44.7841 7.46596e+06 480001
9 44.7841 6.38945e+06 3248332
10 44.7841 5.62278e+06 4940970
11 44.7841 5.02511e+06 5594185
12 44.7841 4.58038e+06 9354908
13 44.7841 4.21634e+06 4929548
14 44.7841 3.93746e+06 6804952
15 44.7841 3.7004e+06 3584989
16 44.7841 3.51518e+06 8256202
17 44.7841 3.35284e+06 485080
18 44.7841 3.22427e+06 6835713
19 44.7841 3.10862e+06 445290
20 44.7841 3.01621e+06 3151620
21 44.7841 2.93119e+06 1393521
22 44.7841 2.86286e+06 431850
23 44.7841 2.79871e+06 528752
24 44.7841 2.74699e+06 420519
25 44.7841 2.69753e+06 397409
26 44.7841 2.65761e+06 387559
27 44.7841 2.61878e+06 9875609
28 44.7841 2.58745e+06 2908608
29 44.7841 2.55647e+06 3105229
30 44.7841 2.53154e+06 2301887
31 44.7841 2.50649e+06 3062978
32 44.7841 2.4864e+06 485950
33 44.7841 2.46746e+06 4810498
34 44.7841 2.45099e+06 449280
35 44.7841 2.43401e+06 369598
36 44.7841 2.42051e+06 383038
37 44.7841 2.40885e+06 371328
38 44.7841 2.39754e+06 590253
39 44.7841 2.38558e+06 421899
40 44.7841 2.37613e+06 720736
41 44.7841 2.36598e+06 437340
42 44.7841 2.35802e+06 384039
43 44.7841 2.34937e+06 392128
44 44.7841 2.34263e+06 454401
45 44.7841 2.3352e+06 601663
46 44.7841 2.32947e+06 429708
47 44.7841 2.32308e+06 447530
48 44.7841 2.31814e+06 407539
49 44.7841 2.31259e+06 423580
50 44.7841 2.30836e+06 595303
51 44.7841 2.30352e+06 441640
52 44.7841 2.29988e+06 459660
53 44.7841 2.29564e+06 408759
54 44.7841 2.29249e+06 417970
55 44.7841 2.28877e+06 502322
56 44.7841 2.28604e+06 544242
57 44.7841 2.28275e+06 457260
58 44.7841 2.28037e+06 419039
59 44.7841 2.27747e+06 382279
60 44.7841 2.2754e+06 383509
61 44.7841 2.27282e+06 410489
62 44.7841 2.27101e+06 381608
63 44.7841 2.26872e+06 411399
64 44.7841 2.26713e+06 390178
65 44.7841 2.26509e+06 475691
66 44.7841 2.2637e+06 432350
67 44.7841 2.26187e+06 382829
68 44.7841 2.26071e+06 402459
69 44.7841 2.25895e+06 379539
70 44.7841 2.25778e+06 417790
71 44.7841 2.25621e+06 427549
72 44.7841 2.25518e+06 422489
73 44.7841 2.25366e+06 418009
74 44.7841 2.25266e+06 377609
75 44.7841 2.25135e+06 435889
76 44.7841 2.25036e+06 398889
77 44.7841 2.24905e+06 417110
78 44.7841 2.24818e+06 424310
79 44.7841 2.247e+06 392849
80 44.7841 2.24615e+06 421238
81 44.7841 2.245e+06 383899
82 44.7841 2.2443e+06 382948
83 44.7841 2.24318e+06 414289
84 44.7841 2.24243e+06 524632
85 44.7841 2.24142e+06 516302
86 44.7841 2.24078e+06 416339
87 44.7841 2.23979e+06 371338
88 44.7841 2.23913e+06 375909
89 44.7841 2.23823e+06 369798
90 44.7841 2.23764e+06 524812
91 44.7841 2.23676e+06 422709
92 44.7841 2.23619e+06 432850
93 44.7841 2.23541e+06 426440
94 44.7841 2.23484e+06 376549
95 44.7841 2.23405e+06 385259
96 44.7841 2.23354e+06 493930
97 44.7841 2.23283e+06 420829
98 44.7841 2.23231e+06 444860
99 44.7841 2.23161e+06 411689
