0 65.063 3.57985e+07 5833649
1 65.063 3.92307e+08 1833301
2 65.063 1.87495e+08 1855961
3 65.063 1.16459e+08 1759969
4 65.063 8.43814e+07 1801090
5 65.063 6.70518e+07 1812970
6 65.063 5.68984e+07 5089653
7 67.1857 5.03241e+07 4718514
8 67.1857 4.59615e+07 4761044
9 68.6203 4.28398e+07 4772425
10 68.6203 4.06125e+07 4969621
11 68.6203 3.89137e+07 4939803
12 68.6203 3.76432e+07 2187669
13 68.6203 3.66303e+07 1998894
14 68.6203 3.58474e+07 2229451
15 68.6203 3.52025e+07 1920653
16 68.6203 3.46921e+07 2224149
17 68.6203 3.42609e+07 2495165
18 68.6203 3.39132e+07 2390843
19 68.6203 3.36138e+07 1856441
20 68.6203 3.3369e+07 1922703
21 68.6203 3.31547e+07 2009174
22 68.6203 3.29776e+07 2095407
23 68.6203 3.28205e+07 1921453
24 68.6203 3.26895e+07 1919252
25 68.6203 3.2572e+07 2073736
26 68.6203 3.24733e+07 2038435
27 68.6203 3.23841e+07 2143767
28 68.6203 3.23086e+07 4501090
29 68.6203 3.22399e+07 4590282
30 68.6203 3.21815e+07 4582961
31 68.6203 3.2128e+07 2140838
32 68.6203 3.20823e+07 2062806
33 68.6203 3.20402e+07 2038466
34 68.6203 3.20043e+07 2167759
35 68.6203 3.1971e+07 1937733
36 68.6203 3.19424e+07 1903853
37 68.6203 3.19159e+07 4365297
38 68.6203 3.18931e+07 2160157
39 68.6203 3.18719e+07 2280922
40 68.6203 3.18537e+07 2378742
41 68.6203 3.18367e+07 2169233
42 68.6203 3.18221e+07 2008854
43 68.6203 3.18085e+07 3229246
44 68.6203 3.17968e+07 2113009
45 68.6203 3.17858e+07 4903342
46 68.6203 3.17765e+07 1997694
47 68.6203 3.17677e+07 2091516
48 68.6203 3.17602e+07 2006464
49 68.6203 3.17533e+07 2039245
50 68.6203 3.17473e+07 2042627
51 68.6203 3.17418e+07 2196189
52 68.6203 3.17371e+07 2820342
53 68.6203 3.17328e+07 2001065
54 68.6203 3.17292e+07 2051705
55 68.6203 3.17258e+07 1914632
56 68.6203 3.17231e+07 1966273
57 68.6203 3.17205e+07 2015695
58 68.6203 3.17185e+07 2116067
59 68.6203 3.17167e+07 1921913
60 68.6203 3.17152e+07 1996124
61 68.6203 3.17273e+07 1894182
62 68.6203 3.17255e+07 2029615
63 68.6203 3.17367e+07 2192118
64 68.6203 3.1743e+07 1939113
65 68.6203 3.17526e+07 1912882
66 68.6203 3.17722e+07 2001845
67 68.6203 3.17908e+07 5143820
68 68.6203 3.18284e+07 1909052
69 68.6203 3.18639e+07 2148467
70 68.6203 3.19054e+07 4816847
71 68.6203 3.19691e+07 2044235
72 68.6203 3.19544e+07 1982434
73 68.6203 3.19404e+07 3245272
74 68.6203 3.19272e+07 2203599
75 68.6203 3.19147e+07 5127344
76 68.6203 3.19029e+07 2165068
77 68.6203 3.18917e+07 4400737
78 68.6203 3.18812e+07 2031715
79 68.6203 3.18712e+07 2045495
80 68.6203 3.18618e+07 2034444
81 68.6203 3.18529e+07 1999014
82 68.6203 3.18519e+07 1990535
83 68.6203 3.18435e+07 1959144
84 68.6203 3.18356e+07 2216789
85 68.6203 3.1828e+07 2052266
86 68.6203 3.18209e+07 1967544
87 68.6203 3.18142e+07 2383184
88 68.6203 3.18078e+07 2141127
89 68.6203 3.18017e+07 2603668
90 68.6203 3.1796e+07 2578147
91 68.6203 3.17906e+07 2496075
92 68.6203 3.17855e+07 2404273
93 68.6203 3.17806e+07 2536705
94 68.6203 3.1776e+07 2522507
95 68.6203 3.17716e+07 4198063
96 68.6203 3.17675e+07 2765031
97 68.6203 3.17636e+07 2506506
98 68.6203 3.176e+07 2469454
99 68.6203 3.17565e+07 2792602
