0
1
2
512
4
5
6
7
8
9
10
11
12
13
14
2574
2576
17
18
19
20
2581
21
23
24
2584
25
27
28
29
2589
26
2591
2588
2594
2592
2596
30
2598
1025
2599
2601
1578
2603
2604
2605
2606
518
2608
2609
2757
2611
2612
564
2614
2615
2616
1593
2617
2619
2620
2621
2622
2623
2618
1089
2626
2627
2628
1090
1603
15
16
3
594
605
1634
610
1128
1646
22
2772
636
2570
136
1160
2571
2776
2573
2575
2779
1699
2577
1706
2578
1710
2579
1204
2750
2751
2582
2753
2754
194
2583
2756
2758
2759
2760
2761
1221
2763
2764
2765
2766
717
2768
2770
2771
2586
2773
2774
1751
2775
1241
2778
1746
2780
1244
2777
223
2784
2783
2786
2787
226
2793
1254
2791
2790
2792
2794
2795
1259
2797
1262
2799
2798
2800
239
2803
2804
2805
2796
2807
2808
2802
1783
1576
788
281
289
2587
1323
827
1347
838
327
1867
331
1358
851
1365
1881
2613
863
866
357
359
877
1915
382
896
1926
399
913
404
1945
415
437
955
1982
2755
1489
978
472
1498
1510
1011
508
509
